100
61 42
73 97
60 88
99 24
27 40
40 31
13 9
29 6
24 67
19 67
47 73
31 35
62 7
100 91
63 81
48 23
74 20
19 85
7 69
60 86
8 52
68 20
60 97
78 36
15 96
2 61
20 32
96 81
90 47
24 53
79 71
75 4
43 46
40 1
14 100
86 74
3 54
93 14
2 70
49 16
18 50
76 37
34 23
70 23
70 45
75 48
67 2
4 9
99 43
10 64
94 47
37 96
52 82
10 53
3 58
68 20
60 44
9 93
66 30
67 87
74 94
87 40
95 90
49 45
32 10
8 78
56 45
73 8
26 34
12 80
44 80
100 3
75 60
47 92
89 13
31 14
6 17
5 52
6 5
96 89
14 56
18 22
52 91
81 29
76 92
8 19
23 59
21 49
18 67
41 58
32 23
23 37
39 28
41 96
32 88
36 46
43 54
67 46
96 99
74 71
