100
34 98
94 86
90 6
87 71
64 5
61 61
16 23
76 43
4 39
55 98
4 30
16 75
37 87
26 84
26 28
34 11
25 27
48 67
33 86
37 48
43 97
9 58
72 84
100 27
74 55
25 29
36 40
4 25
78 81
8 55
8 42
17 84
68 64
50 52
2 86
100 44
35 60
53 6
95 52
84 69
58 8
97 94
100 100
18 77
80 77
32 39
18 48
75 38
64 24
89 65
62 40
60 48
51 12
5 46
15 88
66 25
96 62
70 95
14 39
71 45
15 54
36 33
54 10
22 17
85 62
33 98
2 44
45 52
7 49
49 21
37 14
45 32
28 14
78 93
4 100
37 19
6 24
3 59
33 24
27 70
85 11
67 38
54 12
42 60
60 90
32 48
56 29
31 83
42 60
75 98
60 63
16 65
87 18
75 71
41 1
40 77
11 7
15 16
70 56
75 81
