100
39 73
80 47
5 53
14 79
89 25
62 61
12 11
8 91
28 93
16 94
95 48
51 51
20 81
54 1
97 95
3 35
19 82
33 24
86 46
2 27
22 15
87 85
25 47
75 5
39 42
50 85
41 100
35 13
80 88
13 28
35 16
62 53
49 46
76 35
43 29
13 64
95 99
100 72
45 26
76 35
68 77
20 60
76 6
72 8
94 37
35 80
4 49
32 52
94 60
38 37
40 50
52 35
1 52
6 97
29 33
84 48
9 3
8 36
8 31
43 53
67 30
32 22
78 16
74 23
75 63
11 66
65 15
100 17
18 57
65 46
41 48
94 1
50 53
37 10
83 31
62 2
60 94
23 89
61 48
64 35
63 26
100 79
40 52
95 57
60 59
55 1
59 48
1 8
100 89
69 34
20 31
35 79
76 10
20 36
9 35
22 71
60 21
49 100
24 95
8 84
