100
94 87
56 74
22 60
62 96
78 55
14 20
64 1
14 18
75 11
85 84
22 53
98 93
13 80
64 28
41 47
20 34
33 75
59 6
86 21
53 15
75 19
34 38
19 99
8 93
62 44
29 83
97 26
27 9
57 42
88 49
88 7
35 20
33 93
78 70
65 30
85 92
48 18
81 67
69 88
11 30
32 39
64 80
16 91
40 73
32 27
21 72
85 7
43 17
100 20
86 64
2 22
55 49
92 88
67 60
75 78
41 58
68 4
89 84
94 28
8 78
54 80
49 90
87 91
58 38
11 44
53 12
17 60
12 8
47 79
67 73
8 7
31 27
63 19
62 56
99 69
85 52
1 33
94 39
24 51
76 86
46 28
49 63
87 12
70 85
42 89
58 49
47 40
76 9
58 37
17 56
58 1
60 58
34 5
96 9
55 23
46 1
50 46
63 89
57 84
25 99
