100
53 84
84 72
70 100
71 68
29 11
33 17
37 33
25 98
13 79
55 9
97 44
42 79
17 30
74 45
82 75
12 86
58 47
57 27
47 28
46 27
90 30
43 27
63 67
24 27
46 78
35 94
73 28
73 42
10 98
86 91
72 49
77 82
47 33
60 45
12 6
71 54
87 13
80 49
32 55
75 29
84 62
22 8
89 46
49 98
96 86
41 19
86 17
100 33
1 12
77 13
17 48
18 55
12 97
4 43
3 30
23 86
43 97
45 32
42 46
81 89
31 73
8 17
89 7
1 90
70 77
54 86
76 71
41 88
19 96
82 21
77 5
58 20
1 54
3 94
99 35
35 82
8 42
50 96
100 50
37 70
78 42
7 54
12 99
41 82
94 74
54 23
78 63
42 30
17 44
76 67
30 10
48 37
51 49
85 2
98 21
71 28
63 78
81 26
28 73
8 74
