291761109
7875
2883584
12288
229376
99
588
18874368
29696
97
3888
19894
301806
408
315
3008
27
12416
2835
25390625
68
96
260
59
61
20
2883584
76
793152
3060
126825622
2720
148716
280
192
28160
453125
97
13056
58368
71
21
1409024
294912
82
18117946
120
93
27648
37890625
4132485216
99
18954
38
3807
60
92
27
4374
49
23296
6860
1908
7
14
291
32768
34
31213
86
49572
392
27
17000
94
61
27097
3584
100
80000
197132288
93
286720
1543503872
13851
2200000000
45198
10240
78
3919104
191476224
78
352719360
5078125
184375
92
77
20
43
153055008
