100
2799360
98415
162
1701
164
23808
19660800
88
48640
203391
194
50
236
207
336
8019
92
85
130
56
50486895
190000
11016
360
48125
220
4416
2176
229635
65000000000
4293
88
2800
9
1400000000
109531219
79
380
79
3720087
7808
6100000000
98
503316480
708588
4750
81000
85
6500
444816117
24786
5625000
20736
93
87
291761109
1404
752
120
420
99
490000
160
1574640
538002
36864
96
17010
46137344
100
1728
54375
9947
152
368
200
232897
188082
1003833
94041
622080
15104
52224
134217728
4416
492
157464
668736
750
657
324
210
286720
150000000
178125
1700
7900000000
67
505197
