92
35
1474560
216
64881
100
474
334611
323584
5800
577368
285719
78
2628
783
64
115911
2949120
43011
5373952
632
249856
192456
139968
115
19197
3312576
528
3661038
233472
26112
37584
43008
389120
9565938
1425408
25952256
40625
13125
97
9261023232
281250
4736
12879
5504
51059666
73
45619
260
84
132192
4992
19000
5248
72
87
45000
6272
39936
1718750
369
354294
2976
248
35
380928
3489660928
2835
137781
26040609
32000000000
1984
11008
176
152
20224
768
53750
60000000000
7000000000
4050
65610
55
118098
1850
53
34
77
97
3670016
603612
97
12744
93
12393
24057
5439488
30618
4032
45
