38
97200
33984375
61000
48
93
58471553
464
59
268750
71
3645
160
93750
95
889192448
1632960
2109375
100
23808
345
1121931
100
13716864
73
27
396576
380538
6080
89
49572
52488
4261625379
24010
81920
6208
81
121093750
70000
72
132
511758
2303
75
86
649539
156250000
4618944
171966464
99
285
19656
51
2272
109375
2496
40824
15
1040
1344
13312
17000
16384
13817466
560
21384
12672
4390912
3601989
25182331785
23328
12288
12160
46000000000
34375
736
132689664
18000000000
704643072
100
7100000
1800
40353607
98
61000000
2560
21168
468
4802
31744
49572
115911
201204
1484375
167772160
3671875
13824
3200000
47952
55223
