59049
118784
33
46875000
5056
81
67
94608
90699264
85
97
69
11160261
960
1250000
41943040
34816
280
100
54432
3247695
3840
87500
336
84
400
17664
108
21141
81
24300
14942208
2816
91
886837248
21248
511758
4100
44544
80
275
1046875
443889677
22544384
3954653486
96
88837
196882
19660800
80
1343750
93
3995007093
224799543
4456448
83
87
22528
406552365
54525952
2239488
8192
4100
786432
216
44375
87000
8500000
172872
720
29160
13
17076096
29160
200
96
5440
26344593252
20224
120
621859
1614006
116
1082565
2800
20533285917
6900000
928132961
42
1157627904
485514
2375
5468750
486
840
6144
4655
504
16384
18600435
