100
10 1
14 83 27 9 52 24 63 29 92 20
1 10
35
6 8
88 2 76 33 65 45
2 9
75 24
7 3
65 8 14 99 95 77 89
2 2
70 50
2 6
52 79
10 3
71 29 62 17 9 49 56 100 47 17
5 8
50 26 63 97 79
3 10
39 43 58
9 3
18 50 26 66 64 58 57 56 88
6 7
81 27 52 72 15 17
1 8
78
3 6
86 82 73
3 3
94 10 87
1 3
64
8 3
13 23 41 90 25 29 5 53
9 4
49 74 69 48 14 31 86 54 45
4 9
54 15 92 59
9 4
8 71 25 54 99 85 54 75 82
5 2
44 90 69 79 5
8 4
33 69 96 63 28 89 61 10
9 3
4 74 99 42 6 98 43 88 4
8 3
44 79 80 48 5 98 56 64
2 5
30 23
6 3
35 75 13 80 49 79
7 6
53 13 65 38 77 65 71
2 6
17 88
6 9
16 32 53 34 59 62
7 4
59 82 33 82 8 6 57
4 8
93 83 80 51
5 6
51 81 20 35 29
4 8
55 35 63 84
5 8
84 97 11 59 95
7 9
93 38 6 34 24 37 18
8 4
77 48 18 34 53 42 72 87
10 4
42 83 59 48 28 42 40 1 6 99
6 5
61 77 27 12 25 13
5 5
74 67 26 56 21
10 1
92 20 29 92 65 35 69 70 2 97
10 8
39 98 71 59 73 18 70 88 6 69
6 5
73 57 89 21 10 90
8 2
100 15 58 50 56 29 8 37
6 3
30 36 18 53 28 53
7 2
31 80 4 33 95 25 86
8 7
60 96 61 35 35 34 23 62
7 1
14 69 25 73 51 73 10
5 7
79 92 69 22 19
2 5
27 52
2 7
84 5
6 6
3 22 21 6 97 17
3 8
63 27 78
4 10
41 67 66 19
8 2
51 90 70 25 3 48 76 41
2 1
46 72
2 1
87 31
6 5
46 21 3 4 72 11
8 2
43 50 89 20 85 96 67 49
10 2
57 100 37 30 45 6 83 66 55 78
8 5
81 46 77 50 56 70 24 22
3 3
77 81 41
5 9
39 45 13 16 54
6 2
45 53 94 52 76 93
2 8
23 31
1 8
35
7 4
79 46 54 46 95 81 93
10 8
39 69 5 90 71 96 25 38 81 26
5 3
96 61 77 97 35
9 3
47 57 27 35 5 74 47 63 18
7 9
51 42 52 58 74 8 49
10 10
67 10 84 50 83 16 94 53 95 32
3 8
49 5 31
9 2
15 44 25 51 97 49 81 86 43
3 2
88 88 30
2 4
92 38
5 4
22 84 48 42 79
5 2
46 73 27 4 48
5 5
51 3 58 42 86
10 10
76 57 52 47 73 1 79 7 80 60
9 10
51 41 39 89 29 15 41 56 70
3 9
42 22 50
7 3
13 70 4 43 97 90 90
1 7
55
9 3
52 29 34 76 79 24 54 54 14
3 5
83 7 74
2 1
53 1
1 3
34
1 3
77
9 1
39 26 38 97 33 52 41 80 34
9 4
59 44 76 45 4 55 44 15 56
9 3
52 68 92 85 34 83 65 68 92
6 1
78 97 20 53 10 10
4 6
19 1 10 59
10 1
42 55 46 9 49 14 8 72 93 78
6 3
32 47 75 24 77 51
9 3
100 14 84 45 87 27 6 11 3
9 4
18 99 80 5 92 41 11 88 83
4 9
78 1 5 42
3 8
66 94 63
1 1
45