100
9 1
76 100 86 92 62 66 14 52 59
8 6
49 76 51 39 69 44 1 10
9 3
72 34 42 18 23 57 6 45 10
2 9
8 18
3 9
66 58 21
2 4
75 41
5 4
94 5 85 58 93
7 8
38 67 92 98 68 44 75
4 1
88 30 37 14
4 8
64 49 79 95
5 9
26 54 97 45 31
3 2
8 97 47
1 2
50
4 2
7 46 59 3
2 9
47 23
3 2
89 4 84
6 3
83 5 53 32 99 10
6 1
37 77 92 1 29 74
6 1
67 1 10 35 85 56
2 2
15 65
3 1
54 56 17
7 9
4 86 8 36 64 91 95
5 10
89 86 37 51 19
4 6
14 21 26 51
2 10
52 36
5 5
29 33 53 25 77
3 2
10 76 55
7 2
92 1 49 90 68 50 69
3 8
45 83 34
5 9
32 85 23 72 35
10 10
19 95 55 80 76 96 20 8 19 65
5 3
26 61 1 61 53
10 1
9 85 10 12 26 73 88 81 21 33
3 10
40 80 28
1 9
9
9 10
55 23 45 10 48 51 30 2 14
9 7
11 99 5 9 60 32 100 87 19
2 1
79 3
4 2
7 68 95 30
1 1
79
6 9
96 75 28 42 91 63
9 2
92 15 49 62 58 24 9 61 6
9 10
55 67 51 98 6 79 26 13 61
1 4
98
9 8
96 24 71 81 75 71 98 38 30
10 3
29 17 47 20 68 74 11 13 22 36
4 5
38 56 37 38
4 10
38 99 96 81
1 3
85
3 10
39 38 65
8 9
22 8 27 28 96 49 3 93
4 9
92 69 68 34
8 5
81 80 10 89 48 35 34 72
5 4
57 60 56 68 81
4 1
72 5 2 93
4 1
43 4 87 70
9 9
11 80 63 10 73 93 11 61 4
5 3
70 39 6 52 11
3 8
79 94 6
2 2
36 60
2 5
63 84
6 1
25 80 77 2 67 99
5 10
19 26 35 23 49
2 10
25 16
10 3
96 90 16 11 97 56 25 75 82 80
9 3
19 23 49 31 86 83 46 30 82
4 8
21 31 44 72
7 1
21 49 15 95 92 10 96
6 3
32 15 26 78 14 70
8 8
56 49 17 18 78 13 88 22
7 1
23 81 40 100 96 33 58
4 4
97 88 8 27
5 5
14 48 68 28 87
4 7
39 26 3 29
2 2
62 76
5 2
49 68 31 46 2
2 5
78 40
5 7
32 6 83 24 97
8 3
11 39 95 13 58 100 72 86
10 3
69 68 72 84 75 63 93 73 30 51
8 3
23 84 3 35 33 77 2 43
6 6
59 53 7 29 26 80
9 2
22 22 67 88 57 92 30 28 59
6 4
92 76 56 26 12 51
9 8
80 70 57 93 63 66 44 64 1
4 4
32 1 20 69
2 6
83 82
5 9
77 1 66 7 24
6 6
3 65 86 29 40 86
2 10
9 75
2 9
61 73
4 2
53 50 81 26
2 6
91 35
5 8
72 55 35 80 70
8 10
22 17 13 86 2 47 32 15
7 5
66 89 75 19 59 57 3
3 10
15 23 17
9 10
100 16 28 73 96 41 1 71 79
1 6
67
5 9
14 25 52 17 77