100
1 3
38
5 6
76 25 59 13 75
9 5
30 78 64 86 61 1 35 27 87
4 10
81 62 8 61
1 10
48
2 8
93 11
8 7
5 67 62 17 62 86 64 71
2 8
25 58
1 5
59
6 5
35 82 68 51 48 86
1 5
71
5 3
62 82 37 90 45
2 10
8 16
6 5
41 50 90 53 76 30
4 1
95 22 74 7
9 8
79 21 88 84 72 63 6 31 53
7 6
57 25 5 82 34 54 35
8 5
74 43 67 28 55 11 36 27
8 1
38 71 49 100 75 56 74 6
9 2
19 88 80 67 84 35 81 15 93
2 5
85 69
6 9
1 89 2 73 3 19
8 1
60 97 100 52 90 92 96 48
8 6
79 16 53 68 63 15 97 49
1 4
73
1 5
27
6 6
33 77 90 17 14 51
10 3
91 55 38 81 36 23 89 42 58 15
5 4
26 92 38 95 23
2 1
89 13
7 3
67 64 40 67 80 42 68
5 9
63 66 95 13 8
10 9
86 16 3 77 56 22 43 14 41 11
4 7
12 80 36 70
6 4
56 68 40 48 15 80
8 2
63 78 77 38 19 16 97 28
1 10
81
10 5
18 73 2 20 68 69 46 96 21 62
4 10
20 59 10 70
6 1
49 4 72 6 18 65
3 2
35 27 33
5 9
65 80 97 31 78
3 7
88 14 47
1 7
75
10 1
36 55 43 31 86 52 13 39 4 63
10 3
56 86 83 23 88 23 49 17 26 33
10 5
9 83 17 100 10 52 25 52 25 80
7 6
26 88 35 8 83 7 99
8 8
32 77 49 3 54 97 62 82
1 6
99
2 3
66 95
5 6
53 34 27 91 13
2 3
29 17
6 2
79 75 97 73 1 71
7 5
43 26 92 33 54 31 7
3 8
37 20 39
5 9
23 11 23 56 5
1 4
15
6 2
50 19 26 58 65 16
5 2
3 76 60 83 84
4 8
29 19 59 26
4 10
84 56 2 17
4 8
99 24 81 32
7 9
45 67 50 5 21 78 26
5 2
32 21 10 69 35
4 6
64 65 33 99
10 2
94 49 34 13 85 87 31 99 18 12
10 4
58 85 11 17 57 45 96 62 67 3
6 9
71 45 87 34 53 61
10 9
71 62 77 48 92 69 85 36 81 65
7 3
35 10 59 39 97 69 32
4 8
24 86 90 24
9 2
7 96 85 72 92 46 98 95 8
10 10
26 55 28 15 13 78 62 62 28 46
6 5
68 47 64 44 18 11
4 2
45 72 50 92
9 6
55 90 49 17 64 88 50 30 79
10 10
17 77 85 75 74 97 17 54 35 18
9 8
58 89 25 12 73 66 70 35 42
1 6
100
6 10
71 71 72 16 1 71
3 6
38 93 50
8 7
74 12 45 70 51 43 30 49
8 1
25 16 98 6 88 25 58 23
7 10
40 40 6 4 86 16 61
4 4
70 45 66 40
5 6
32 30 72 98 15
2 6
84 78
4 7
40 82 70 14
10 2
10 30 85 44 69 23 11 71 98 62
7 3
95 94 3 10 69 12 68
9 3
50 44 37 35 16 64 80 53 5
8 3
58 80 49 40 65 91 79 92
8 5
75 4 69 57 73 51 80 19
9 8
49 33 58 67 44 90 60 25 10
8 5
85 6 45 63 55 40 43 47
4 6
40 33 28 64
7 10
66 51 11 11 91 32 1
5 6
54 63 100 98 37
5 7
68 82 35 100 23