100
4 9
22 86 86 81
6 8
13 21 12 93 29 1
1 4
33
10 5
14 42 100 73 100 43 3 60 30 24
9 2
41 41 98 56 98 24 79 26 13
2 9
78 9
1 3
67
5 6
13 58 59 77 73
9 6
74 49 50 51 69 68 93 1 54
1 10
85
9 1
97 7 47 29 45 35 38 43 51
2 6
69 4
7 9
10 75 30 2 15 97 21
6 2
92 53 84 73 35 30
8 5
7 12 46 30 2 46 26 16
8 8
98 69 43 34 61 6 57 20
4 8
81 99 9 68
2 10
91 28
2 2
74 50
6 6
62 30 80 10 20 7
6 9
79 93 60 5 94 55
7 2
35 51 24 93 67 96 60
6 5
33 2 50 49 71 28
3 4
79 71 21
8 1
27 76 84 39 13 46 37 3
5 2
37 22 63 6 25
9 2
66 56 99 3 99 8 11 43 69
3 2
100 37 27
4 9
59 73 48 29
1 4
81
6 3
45 77 52 48 78 100
10 4
25 24 75 69 51 61 36 78 90 57
4 4
2 29 63 44
6 1
91 39 32 23 68 30
10 6
29 2 61 83 35 68 76 21 1 88
9 2
73 77 85 23 86 41 85 43 83
6 9
14 87 42 24 78 3
3 10
69 25 41
10 2
46 7 94 20 8 89 47 29 21 87
6 1
16 28 70 27 80 19
3 5
84 51 11
7 5
48 50 75 3 21 25 67
9 7
7 81 8 16 72 14 29 70 77
10 4
50 41 41 44 99 13 66 30 68 86
10 7
59 7 17 34 28 70 72 43 96 98
1 10
96
5 7
84 7 3 24 37
5 7
8 28 87 26 82
10 4
81 38 65 89 78 79 62 50 60 75
2 3
80 11
7 5
54 75 14 15 2 23 86
7 1
80 3 69 93 70 90 11
10 7
50 32 65 94 45 68 85 59 15 99
8 9
57 34 2 50 96 27 67 47
7 8
36 8 74 68 17 3 17
2 9
83 5
9 1
67 87 55 77 79 2 2 4 44
4 8
46 15 31 44
8 9
71 89 31 90 81 18 19 85
8 8
28 23 60 55 11 45 46 26
7 6
81 5 35 18 20 37 48
5 4
17 9 89 17 32
3 10
27 9 41
8 4
55 61 76 80 61 61 75 48
4 2
92 74 33 27
5 5
90 27 57 65 71
4 10
39 44 57 87
6 10
89 88 25 99 59 85
5 7
55 4 38 20 72
2 10
27 72
4 9
10 45 21 40
1 7
13
8 6
20 20 7 88 69 66 87 61
4 9
16 4 16 40
3 2
31 100 47
7 1
65 27 68 18 96 5 9
3 8
23 22 85
10 9
44 46 8 62 74 14 22 47 80 68
9 2
88 47 8 4 31 41 42 11 79
2 10
53 12
6 7
26 3 18 4 30 37
10 3
18 49 47 33 42 64 16 71 52 82
2 2
11 58
10 3
19 72 25 44 65 18 79 5 19 55
3 10
68 2 28
10 9
10 34 86 92 74 76 85 29 73 53
6 10
44 8 29 11 2 69
10 7
4 1 8 74 4 90 17 91 100 23
1 6
42
9 8
36 3 9 33 88 17 61 44 69
9 3
79 80 85 68 72 34 35 68 74
3 5
53 36 95
8 5
46 27 93 24 38 34 53 70
4 3
11 46 27 18
2 10
68 84
7 2
10 33 80 42 73 99 96
3 7
37 7 95
2 7
85 72
7 4
55 37 84 95 9 5 4
7 9
70 21 33 66 52 31 35