100
8 9
79 89 97 5 19 100 15 61
4 5
9 34 66 63
9 4
77 51 51 83 1 87 79 80 44
5 4
93 96 21 84 48
7 4
47 28 82 76 60 61 56
9 1
43 16 88 30 9 8 16 99 99
2 6
64 98
10 4
27 39 60 67 58 51 78 60 6 72
6 4
67 44 78 59 19 29
6 1
97 57 81 13 47 52
3 9
46 1 48
4 7
22 10 24 58
5 9
73 15 20 2 46
2 8
81 51
2 5
86 63
3 8
43 19 47
1 7
27
8 2
9 52 4 35 50 85 42 97
3 9
93 76 35
9 5
74 7 44 6 59 69 53 20 65
1 5
68
5 1
16 25 39 19 96
3 2
79 59 65
1 4
59
1 4
61
1 3
20
7 8
88 2 5 46 69 21 11
1 6
76
7 6
1 57 51 99 70 21 17
3 6
45 93 85
9 7
22 66 96 99 31 39 50 39 22
7 2
62 99 93 93 88 85 32
8 3
47 91 51 15 4 74 20 68
2 4
98 70
2 6
44 32
4 8
2 23 63 55
7 5
98 34 52 88 41 100 29
8 1
47 40 94 33 17 97 18 25
9 2
90 41 61 51 10 99 80 75 51
6 4
42 85 34 82 89 57
9 1
6 61 23 23 27 71 36 18 63
1 9
21
6 8
38 33 53 25 88 43
7 4
90 36 48 30 100 62 72
3 1
24 82 29
8 7
29 30 83 41 8 72 95 22
2 3
24 40
10 1
38 93 1 22 2 90 33 2 25 69
10 2
42 73 30 55 36 1 55 49 13 54
9 5
8 96 89 12 33 81 35 86 97
9 9
98 31 1 53 43 22 62 14 96
10 1
33 86 41 95 44 46 41 99 75 17
6 3
52 28 7 24 7 78
1 7
38
3 9
4 69 47
1 6
60
6 1
66 92 70 66 32 73
1 9
27
3 9
42 57 54
3 1
9 49 1
6 4
68 95 85 19 91 16
4 7
70 29 14 20
3 6
82 6 53
1 5
7
1 6
14
2 3
3 97
5 8
21 44 74 44 8
1 2
34
5 7
27 80 59 30 13
8 1
86 7 33 39 8 16 17 60
7 3
29 34 65 11 99 42 68
2 8
47 49
1 6
27
4 10
32 61 39 17
3 1
1 62 94
1 10
61
4 7
48 55 5 79
9 2
69 51 51 1 8 99 56 28 9
1 2
100
5 10
73 13 1 59 8
8 8
42 17 4 12 72 92 67 94
1 7
93
5 8
6 56 26 24 70
9 8
83 25 40 69 95 27 96 44 92
6 3
59 8 55 78 38 57
9 10
93 62 44 28 59 56 67 40 22
7 3
88 41 58 30 61 49 62
6 4
32 19 11 23 15 10
8 1
66 14 23 69 57 23 78 57
8 6
82 74 96 14 86 24 32 14
10 6
89 75 36 38 91 40 25 62 15 19
1 9
78
10 6
20 44 83 64 84 3 28 83 37 35
9 5
55 54 17 85 7 58 46 65 6
6 5
73 49 20 61 79 59
2 1
70 92
1 4
77
1 7
20
1 2
43
8 9
32 1 36 18 49 13 20 32