10
100 7788
347 222 291 680 828 176 52 50 421 418 945 63 680 955 785 306 50 424 950 226 707 21 57 804 610 409 777 872 522 271 172 587 211 181 985 39 75 38 807 495 455 752 277 135 426 62 159 475 204 827 700 910 566 475 434 177 883 929 767 406 200 939 711 129 838 697 886 913 734 693 408 907 445 684 760 589 745 637 64 667 183 482 578 749 956 730 644 558 659 411 682 577 69 394 705 907 91 591 539 543 
100 5360
946 169 447 350 928 36 813 284 817 481 466 299 59 933 973 507 577 251 166 707 932 461 775 45 884 401 853 476 939 396 478 605 564 644 954 211 398 767 494 216 248 679 233 25 612 925 250 190 176 415 615 108 594 109 871 479 510 724 673 168 839 151 772 122 513 726 333 911 213 545 127 179 224 359 922 836 284 172 744 178 306 359 5 618 467 875 97 695 599 769 863 438 639 635 560 152 81 611 63 12 
100 5358
907 190 99 985 830 934 987 721 678 166 745 755 170 363 940 45 179 636 362 947 499 519 305 852 797 176 932 408 238 662 282 864 571 380 849 401 33 836 840 429 2 585 184 171 948 125 933 127 760 15 792 977 533 816 829 330 991 481 456 947 861 456 811 432 836 660 552 587 497 392 17 217 977 200 107 644 43 40 489 521 772 999 498 305 815 47 353 806 246 527 754 107 983 565 539 538 944 809 125 441 
100 3819
141 376 896 60 482 259 102 241 747 342 13 747 558 318 281 604 389 88 568 916 560 675 618 843 932 874 787 741 998 946 660 858 323 557 636 804 815 456 45 282 797 58 747 356 94 28 678 482 833 247 117 393 640 453 237 291 327 742 750 45 689 410 621 730 685 257 253 501 712 298 501 229 74 248 584 885 275 980 86 109 945 921 220 585 374 175 594 420 917 344 464 325 754 803 55 439 60 307 658 490 
100 5489
159 718 115 125 21 999 400 2 804 227 946 725 446 251 99 621 844 518 257 907 700 581 661 503 354 818 562 379 196 771 702 73 489 535 198 229 254 316 230 58 542 894 782 706 145 880 327 708 118 302 615 817 882 994 321 236 812 601 334 726 372 36 799 580 289 996 808 542 31 756 599 572 650 381 278 514 980 324 222 98 625 836 633 227 549 953 181 80 274 514 806 645 268 605 225 557 320 751 99 350 
100 885
417 640 158 516 636 671 496 959 611 312 304 166 945 530 714 617 429 793 890 943 599 536 211 922 479 486 960 949 304 29 456 720 387 613 954 24 3 170 701 332 481 5 497 145 253 211 481 682 723 371 625 41 625 554 682 823 41 361 772 344 109 228 782 495 560 455 237 281 624 938 613 824 942 828 968 196 758 168 596 481 539 221 521 882 493 921 705 252 283 477 314 110 424 96 604 702 551 841 701 893 
100 6881
314 717 440 143 405 354 900 572 949 100 829 888 339 712 101 261 417 352 262 613 666 371 37 480 693 457 749 253 158 643 32 191 360 191 52 483 263 670 56 931 769 884 819 826 596 638 87 732 990 67 345 656 156 100 136 849 556 604 820 432 247 571 622 325 761 673 808 24 343 582 673 830 185 493 657 500 849 462 232 839 529 576 214 403 394 69 970 668 672 791 100 918 362 441 243 123 114 769 864 176 
100 9693
538 6 255 749 662 754 317 125 985 157 372 280 370 774 673 157 745 60 828 536 159 746 616 318 708 457 432 196 40 326 266 296 331 520 45 993 274 362 836 977 237 208 257 325 700 648 482 445 707 310 699 584 775 315 902 202 490 53 397 530 378 381 825 427 900 589 139 892 669 974 869 905 900 126 230 601 492 430 764 199 740 183 502 234 216 404 435 706 175 550 236 271 931 61 697 550 649 836 443 37 
100 8251
31 941 430 875 890 749 367 39 513 566 778 695 68 730 911 190 165 336 83 434 571 353 84 350 50 633 718 604 794 754 134 544 415 282 419 24 31 785 62 262 70 559 676 855 289 587 45 173 922 127 325 212 198 408 561 248 759 997 851 273 752 984 816 167 984 235 908 15 20 969 277 90 528 952 944 536 258 708 427 898 553 751 828 751 159 389 717 636 387 568 908 857 272 724 742 256 958 650 989 697 
100 1123
266 505 866 936 449 121 912 875 547 810 148 298 638 898 175 745 615 810 850 901 719 426 891 162 168 148 839 817 137 255 156 121 759 22 775 926 142 687 802 407 497 668 704 853 566 597 317 899 407 886 519 844 312 411 725 480 558 564 297 413 818 171 252 296 910 27 222 770 713 742 177 928 410 880 781 694 477 816 593 603 702 113 166 733 523 890 213 799 173 228 930 990 399 182 5 309 208 227 80 920 
