10
100 479
665 154 269 501 998 992 904 763 254 591 869 843 683 708 410 88 352 566 497 252 486 565 115 585 414 864 23 389 308 546 586 973 418 573 193 416 566 815 179 538 406 766 381 807 194 510 894 264 76 111 515 281 675 630 865 807 213 887 914 520 433 501 493 570 792 404 985 77 219 883 334 343 649 714 151 561 942 763 825 737 592 340 18 267 688 601 75 900 488 988 421 639 208 632 209 719 37 913 795 973 
100 515
129 317 882 562 186 444 223 667 269 678 260 327 414 245 16 15 38 915 221 745 55 860 952 687 787 390 442 419 904 134 933 751 169 816 32 354 978 255 740 247 651 999 292 66 244 307 80 282 941 301 745 714 879 416 120 385 806 561 804 710 414 456 461 582 272 212 936 968 466 395 933 117 394 226 900 356 532 980 356 192 999 101 906 597 517 26 981 323 306 785 751 719 960 930 301 232 142 955 201 326 
100 350
134 162 462 78 62 818 329 760 892 520 478 993 145 75 229 889 57 270 195 560 21 632 520 669 651 471 530 607 390 574 675 242 454 856 320 516 393 648 994 285 886 473 996 32 266 225 920 322 494 833 601 233 465 121 621 116 310 151 441 699 443 835 660 897 691 979 132 802 346 126 87 232 317 84 981 583 27 901 623 521 453 224 472 917 345 93 752 373 961 911 73 405 746 732 21 156 430 152 957 775 
100 277
763 725 313 565 707 895 591 327 518 830 499 742 303 135 805 114 886 178 794 517 968 917 981 419 937 138 848 89 813 342 84 295 786 396 859 212 10 170 257 528 999 755 988 21 890 793 135 495 689 928 12 377 845 993 795 501 849 363 589 381 423 391 676 209 787 254 420 515 423 396 43 423 151 749 443 41 261 296 536 950 942 266 327 506 977 840 7 826 203 314 926 345 705 602 553 211 574 692 725 997 
100 88
487 139 238 236 300 997 497 596 252 166 538 236 211 45 214 51 769 40 972 84 965 317 788 286 588 717 860 280 442 576 86 647 714 43 883 14 40 99 328 10 264 585 245 474 348 458 243 117 217 215 200 900 531 706 187 120 423 765 118 584 60 204 231 773 246 832 505 4 930 833 13 912 137 975 386 484 434 629 600 369 562 519 269 94 225 174 931 367 938 49 669 997 970 618 489 216 451 994 937 100 
100 546
949 13 682 925 117 166 78 745 484 446 308 3 714 120 946 888 51 32 545 817 700 262 788 318 469 722 487 182 660 587 727 328 318 128 971 434 12 767 898 215 213 924 217 646 762 881 253 531 912 516 348 331 496 854 368 965 296 854 147 955 160 593 2 477 439 692 630 451 459 247 665 672 171 600 37 932 482 289 463 113 523 529 163 20 384 530 984 679 103 849 353 263 442 73 458 881 764 806 51 224 
100 53
434 614 941 34 650 592 234 657 773 66 898 303 228 917 405 476 620 802 578 189 873 559 630 945 18 230 710 542 998 652 595 432 266 255 185 634 847 418 10 620 202 907 641 429 544 46 904 882 566 202 71 439 760 420 104 777 368 532 39 367 184 633 517 168 606 701 520 453 838 248 74 40 873 433 188 417 479 810 300 763 12 89 203 772 508 306 268 876 556 306 243 739 657 759 625 264 180 145 435 18 
100 111
227 775 983 660 962 120 139 773 138 901 503 226 822 993 734 846 262 610 402 286 571 859 662 49 484 644 228 347 79 963 457 306 739 441 965 420 560 822 911 697 442 415 641 265 408 375 829 388 703 232 393 992 809 55 42 294 698 987 640 776 670 816 800 128 975 765 547 535 587 459 950 748 592 591 13 718 685 560 107 388 510 499 381 320 272 141 613 688 846 971 464 516 506 265 643 481 748 909 16 55 
100 368
684 802 959 276 533 677 960 93 502 67 603 719 166 922 709 25 254 397 871 943 861 106 450 844 468 930 592 377 665 365 463 349 167 141 343 699 536 22 792 757 89 114 476 254 36 186 279 8 301 868 950 162 692 400 724 160 331 36 255 995 400 717 63 567 576 406 984 113 427 776 869 515 889 64 488 643 967 485 650 269 72 601 149 763 719 592 923 50 627 896 763 745 333 826 31 908 950 16 739 377 
100 791
327 611 400 391 817 761 77 302 412 64 373 731 213 136 450 523 777 219 150 674 700 613 7 245 644 633 195 659 373 291 169 699 901 287 808 718 49 604 738 179 667 829 909 598 964 78 121 461 15 988 853 715 602 578 959 246 211 873 904 302 164 791 720 65 79 528 501 127 850 957 305 518 786 932 834 750 728 955 929 743 943 782 177 264 360 854 509 290 727 132 591 890 923 311 673 720 558 892 846 408 
