10
100 5054
650 839 81 423 424 401 120 557 605 231 889 572 361 365 104 23 374 356 471 323 563 137 225 856 118 538 346 732 870 924 743 520 763 542 661 188 942 780 463 547 730 71 837 91 436 940 831 528 297 302 850 578 157 793 153 992 332 498 724 202 422 186 440 904 728 102 92 670 600 273 936 330 344 773 139 498 433 969 26 448 989 875 26 146 387 897 138 718 114 580 638 255 485 797 159 213 898 968 601 498 
100 1789
537 547 584 30 685 82 462 655 107 628 363 700 372 509 88 269 365 524 383 664 881 637 149 678 795 361 295 482 680 511 722 218 58 307 965 743 388 146 117 214 773 479 913 145 706 719 414 72 244 796 454 125 152 321 802 665 400 815 147 80 326 868 16 384 893 980 127 1 126 961 214 898 440 845 44 147 565 176 936 808 690 109 651 841 429 172 225 828 986 90 907 312 957 923 695 570 903 540 570 748 
100 9166
502 646 660 347 408 525 630 583 461 157 273 569 807 832 716 978 57 544 964 146 451 995 822 93 409 392 715 668 680 463 887 182 827 547 247 236 790 877 537 251 34 810 538 560 361 972 538 418 516 222 282 686 935 822 778 344 932 493 12 612 955 618 512 502 883 478 737 674 355 992 643 107 521 900 666 882 872 923 19 389 863 19 75 798 841 571 860 773 65 591 105 738 209 335 240 92 812 695 765 167 
100 3352
128 992 209 28 377 809 899 19 827 7 881 846 81 398 406 652 977 179 435 568 2 173 495 337 132 305 149 826 789 35 233 916 27 442 943 122 969 561 141 797 568 740 362 648 857 767 19 553 664 172 121 666 345 334 3 476 638 151 21 146 903 254 62 929 414 723 770 383 285 629 898 852 369 978 219 944 745 956 497 129 128 336 794 191 388 515 666 745 384 687 890 288 940 671 217 354 394 705 455 397 
100 1648
354 967 422 332 187 85 796 861 582 924 988 636 437 180 25 951 564 769 335 969 378 622 909 49 558 981 162 263 156 277 316 509 245 737 559 150 821 355 11 122 997 717 477 434 615 501 385 898 988 720 867 85 61 496 134 618 196 14 600 351 290 915 578 253 371 138 402 192 211 131 33 209 567 509 361 900 728 746 798 716 185 385 800 963 880 652 582 76 384 182 146 393 815 723 645 186 860 766 96 790 
100 3677
128 717 182 355 78 83 83 542 599 517 726 983 37 690 582 688 990 658 791 890 522 184 705 245 828 609 824 313 704 614 928 551 50 110 905 127 910 707 669 510 224 114 493 260 803 76 667 512 452 458 402 973 641 825 936 188 153 479 220 857 811 148 127 860 257 750 987 168 457 656 396 400 769 607 659 292 682 45 522 852 502 643 544 861 468 200 768 340 678 987 915 490 853 42 350 828 791 56 995 967 
100 5409
110 367 200 717 744 210 118 508 731 689 10 374 233 590 561 151 77 619 829 782 534 38 635 575 106 463 85 162 178 770 591 287 137 509 722 600 718 840 108 169 248 835 261 199 144 540 350 938 159 897 720 692 934 74 985 758 256 71 919 433 840 230 438 696 738 879 15 176 438 840 344 685 394 323 883 538 863 233 476 740 848 915 152 782 707 137 541 962 925 179 114 485 408 271 181 147 150 913 41 587 
100 2796
384 272 147 425 873 403 7 825 598 466 673 513 617 175 938 753 434 901 398 612 15 882 739 285 63 604 434 694 644 739 447 746 729 312 171 603 715 896 428 32 362 819 263 978 993 201 450 427 102 847 758 117 729 497 120 510 101 273 204 463 730 369 209 460 400 98 781 115 993 927 864 355 746 127 52 459 327 502 885 429 349 362 264 797 858 102 307 677 374 230 140 105 598 348 283 997 446 64 830 158 
100 1557
694 513 455 539 564 913 866 784 799 14 134 879 277 930 738 378 955 134 471 185 274 575 502 340 576 218 504 639 49 662 348 461 893 802 719 176 716 585 960 234 598 812 113 874 461 569 970 416 703 441 320 695 734 821 35 310 39 258 667 805 638 15 985 531 817 704 425 533 289 385 485 605 197 597 198 657 885 168 792 588 328 112 283 780 651 36 809 689 293 476 495 649 491 199 180 308 902 605 559 909 
100 6297
762 514 624 359 711 999 962 597 791 550 643 621 551 424 272 306 233 961 317 708 175 966 917 92 864 225 993 469 502 621 896 264 135 520 342 564 519 304 879 311 573 523 650 842 946 922 148 897 602 184 324 495 150 242 586 14 185 579 202 687 918 98 669 53 336 729 335 854 752 214 883 44 736 534 885 401 175 752 298 776 935 622 271 803 863 856 535 766 154 736 172 72 552 841 842 887 289 177 742 41 
