10
100 1769
217 577 875 937 414 505 799 409 468 185 595 803 426 470 125 766 403 656 961 374 943 693 345 173 100 646 97 901 241 266 930 457 561 525 114 974 30 912 102 217 815 416 738 959 885 862 725 7 237 686 99 180 98 443 71 197 807 167 817 48 151 747 224 712 990 337 405 21 249 507 955 782 641 693 741 526 555 466 251 791 871 68 689 968 511 759 884 37 645 701 85 514 167 308 944 158 363 350 896 611 
100 9926
851 393 216 263 852 460 536 318 429 46 907 496 734 876 725 212 479 762 856 180 846 90 65 872 34 222 235 102 836 564 676 406 675 610 668 527 788 204 563 217 249 471 432 701 66 157 913 544 918 488 442 483 577 506 74 611 447 27 712 283 309 108 689 983 436 76 229 225 998 792 160 965 981 591 667 47 467 299 590 104 786 32 306 364 256 379 693 702 125 405 985 433 231 674 417 667 468 364 610 466 
100 6472
769 432 855 80 99 901 265 116 210 368 901 241 673 265 497 771 957 917 895 82 902 328 31 295 463 697 763 827 307 229 701 795 379 276 874 196 177 857 311 387 225 213 346 898 196 561 669 872 479 564 672 100 610 702 395 74 400 876 619 425 823 39 220 203 314 812 398 491 669 428 596 613 640 660 511 554 940 898 426 138 181 98 237 509 800 631 582 918 226 201 343 50 240 282 252 272 812 368 762 201 
100 3837
77 813 435 456 43 989 396 659 134 533 558 232 769 67 750 120 649 668 345 568 729 394 526 729 364 798 542 732 279 742 527 75 274 681 530 316 389 925 974 241 177 532 191 664 598 940 783 965 327 847 253 775 959 497 504 324 14 764 774 12 506 20 86 498 700 334 813 807 259 787 49 154 38 957 817 355 898 601 39 943 167 291 718 126 788 941 449 520 705 223 531 930 961 616 428 380 949 960 188 926 
100 9880
954 80 504 911 616 858 528 935 896 191 102 906 908 227 413 568 395 932 992 336 464 922 297 798 69 677 467 29 583 393 495 256 192 717 167 526 294 414 461 908 604 562 814 231 507 945 518 901 878 510 238 61 151 253 858 219 929 44 966 512 156 180 767 347 615 653 591 908 785 52 535 389 332 350 338 838 295 855 740 891 365 696 951 515 948 529 453 597 572 138 827 727 36 595 792 650 966 102 277 751 
100 1395
811 858 484 879 196 42 893 52 781 503 135 196 174 369 862 421 540 459 992 396 287 439 431 600 949 799 285 770 794 36 922 324 612 126 204 807 167 815 577 666 318 431 861 491 799 442 911 58 901 623 453 906 780 883 225 448 401 509 218 195 263 859 518 874 984 440 681 869 973 977 535 292 408 115 501 925 556 132 982 176 473 435 800 971 37 25 138 156 252 356 350 514 933 586 388 636 745 788 505 718 
100 4554
758 728 891 591 230 816 147 80 517 42 271 951 560 242 706 585 379 861 836 453 929 70 105 515 457 740 978 245 963 697 728 721 425 619 312 373 154 178 171 670 937 441 340 497 401 46 800 499 625 356 951 554 425 775 788 600 515 766 845 198 182 292 637 607 911 949 698 65 845 869 735 782 29 793 997 430 839 798 647 464 154 317 737 578 92 525 178 326 10 741 523 192 34 160 517 663 827 215 446 391 
100 748
899 891 550 693 889 698 532 687 345 714 840 661 170 137 753 413 33 79 423 774 320 614 526 479 131 189 26 64 634 416 585 534 308 135 945 915 832 477 602 177 909 161 556 798 297 28 211 48 106 352 821 144 684 66 342 814 254 367 597 607 501 182 859 527 35 804 442 866 999 44 761 627 922 36 425 937 64 355 985 887 706 806 32 391 591 373 923 844 458 239 170 958 420 29 205 454 551 646 39 550 
100 3604
518 178 331 554 321 269 336 675 254 223 101 778 254 491 88 345 133 932 521 372 820 199 791 849 403 964 119 49 721 669 176 958 565 226 231 885 494 566 280 466 507 380 962 480 589 51 824 721 701 65 93 521 263 603 89 665 286 208 432 7 595 327 683 160 552 913 763 46 198 43 230 705 141 910 903 729 679 446 451 380 510 543 620 772 864 427 156 150 353 307 875 666 633 558 825 185 191 308 948 107 
100 134
896 530 210 806 433 938 205 879 389 303 389 651 922 880 234 69 36 384 140 61 259 806 693 535 350 877 444 376 544 551 445 440 81 654 965 514 592 170 112 700 472 500 70 114 99 303 900 135 686 40 913 663 564 607 917 633 203 361 9 747 911 453 905 711 107 870 225 699 40 336 118 231 554 187 344 653 489 244 506 894 2 419 557 566 744 474 199 947 554 925 413 465 379 318 176 485 189 119 902 946 
