704318711
365794477
229979244
60357429
284277640
680677655
4761258
164230325
258086732
492991437
808280867
775094153
831750649
877462857
377594461
508270609
552969019
172618959
888052299
680995818
523348394
793906941
891618111
662094829
324669088
753700435
980410329
688123578
270325889
560421635
88960171
223435924
171156099
799657246
736935726
311447393
799712441
276263577
934428850
86287813
242322006
501916833
10695344
499257941
997444138
931799501
580386410
263885260
911416983
885533963
28764201
165392442
63894862
706923349
553881874
735366050
177308297
563593395
699817094
684409783
288736761
844431397
399787521
247687634
986339692
437554249
441985668
601263311
974863705
694182486
758132860
611056938
157868495
726360289
847755561
276151429
966414556
982518203
