428230426
878754721
586827475
80601615
591849609
142434532
457279280
986386196
583384962
608542879
386541699
765046653
225347430
646041381
65814121
685594177
258424004
859699646
479919772
871193643
373110792
927780886
291391284
36391559
14716427
152086111
567031786
116937978
25481154
6274239
779072307
637398439
139822115
711255456
73586684
930829606
805681054
409104885
784757396
264107283
820371335
434480335
220410416
371284938
436472774
429087954
25213433
32993946
846920870
329432006
575660221
687853005
59483030
738216946
137902677
858505874
81044523
361307841
54032473
176715676
877236930
797848490
939274712
5330488
306711810
749887665
166000919
520384879
944808865
262495408
346885447
157774041
594941080
839728967
910584612
977307167
973917809
166733484
302343719
175506273
980214679
558243776
