980158017
800694711
397284617
821592741
440084784
757122174
624287773
594743558
161648735
981338741
536387897
819394713
138689145
454190670
54583290
132785116
767305964
298222053
844531336
852375288
770414699
951145464
126825275
967202490
269261413
334087175
241263647
240153368
203656421
708869088
305521749
319492332
7055961
417514822
879795692
604670963
329624043
278502516
213573494
817765290
51588653
683975028
842102240
221582824
641086273
536381970
115211652
939443191
364401144
772020742
431716197
689064510
135247512
543907670
701731232
962916786
285963359
918837308
215149530
791565534
524427816
896321749
61812447
244063088
754707516
249947883
648229222
845028729
28328225
374246231
372656688
5926532
636263302
904198433
616739089
124322318
666091435
