448429913
67117733
68846037
997129656
752504007
189881495
613012689
374493343
359080222
878866452
531657229
226014600
0
176098807
516551526
858482357
915573661
379649498
188251215
985837463
914717139
593705113
560359466
0
730877338
716282341
160744350
0
556277950
2402432
375519516
162400012
853257022
294741359
344082290
799113332
59628406
347967263
227267405
176101063
407838086
605759138
220134198
219886007
354464357
986581250
213946133
638434457
173582267
36054277
335645801
95257950
605981428
510240691
266560180
666063065
569002645
966023465
222392282
868189037
727074374
570583915
49400710
931621275
864308786
279473260
365142834
