929131020
606335901
790786610
13112199
350099773
193915923
944434455
866596976
247789566
58101129
815929085
893078524
802588340
132952620
258806512
567145844
718418224
518398486
543629185
267206145
792560187
529719269
92951265
350424308
244235399
975336930
161919556
327265330
673038257
65867785
383543420
992557881
613236261
323036786
981286251
143400461
657922432
505122358
78377827
19160679
201762734
544711034
319808079
579925925
627087174
901622061
119780854
715816381
545527781
400722135
971922481
352648985
107177110
204597963
950060834
802647101
752313212
471677748
447747300
