82
1754896017 687036288
271101584 1252586542
1983318831 3575342
1866628585 1849001111
2045409912 1818461724
426623540 1314903209
372622101 771150556
897108403 1829818355
602576867 232851137
265584680 1645246096
986012422 404665627
1395456300 1532127352
2130406149 479968894
1399343792 300090108
295546644 74535586
1310198843 2050442661
761571873 1581300426
1155545554 597407056
1584875767 874690491
298924518 1482802031
545668566 725548057
650221591 918290666
1496698613 1547329993
600625373 2099275479
1780181129 866210052
1597037927 618709902
1270875678 845010578
3353605 1253798178
1324979471 1402697396
1553888285 1620526115
1477232982 716603479
1523485127 91321206
150420257 531547032
688728261 1735296023
1406237522 987652779
1070614405 1951906088
1713200835 1720835995
722713105 1062415799
1120682339 1323338477
1014207630 753379820
42064880 463761908
1372089721 1312940557
1308772485 1375443326
419255087 486268308
630657073 1973143371
2106794422 2107890054
542263202 1482795900
51727612 692683458
2014342931 740455872
280495832 1273096805
1728108650 1351110237
1077519244 1293825837
924462583 1800232348
208757987 2045144922
976087177 1222965616
651041093 1018152056
1686727523 2023130813
183608965 848016360
1251090490 602864051
1334284667 1881747563
428523773 1293595440
1842153968 970786974
628907691 1893881579
1663470431 495766973
486853803 1943966263
1768863777 67478804
1147592851 698899372
1361304640 2072055433
351648072 1570062627
1969716706 1327735248
645544594 473274150
198403655 184788469
348921315 382012619
1032804828 1600011804
984876669 219605846
1334275718 1413400442
1513201285 1028946038
236703767 2142108975
775343968 1900174198
490392299 1262197770
1696656812 111772428
1329676574 696766014
