59
1630833395 1754106788
1150228311 906597804
1785352974 447926686
1943141294 1820145674
93737398 1744346899
871070692 1338536704
1997102294 1976449702
302188099 992941801
1034803747 1433596665
722492587 1998940123
2079107799 431107277
1772328849 1291815464
273364265 1527256393
466585247 1536473077
1312852064 13285656
1937277343 796201810
1767392443 940022005
1702799613 1405261769
1387948691 1498457258
1077923794 1481686088
1095320508 1948994485
672739143 944939153
1777960539 974927241
1937880954 665280637
261040257 512889892
516737111 192664408
943997168 141582311
1484479871 1217361432
1668838704 1951065117
606350860 834207119
1964350772 396144555
1630408928 1584259567
1336166559 1185724892
842037687 576631601
536698501 1919961480
2058317688 1632019009
1721472316 583573182
429474513 1351949206
1558500422 219871818
2017229842 1819540679
732761709 386483304
2012205086 1676758876
528065615 1349201308
746636660 49420670
1152782776 1352987519
883627788 969649900
1749132073 366553067
406425818 937814984
1552277958 1248463504
1514446584 2088976458
1020941335 1425280624
1573511818 594930002
2008853805 2002986331
1946879208 1419870579
75374500 1816625401
1091927609 808136209
55625057 956649046
337411436 583690671
158366705 1084048095
