78
502050502 1347258349
965165596 1119587987
1396159814 1860823330
1436401108 1446097589
89966976 1850241729
1865672394 1115665073
497013179 1847786072
826223139 87634049
1194806416 667502933
1704684916 755993549
590116432 861030618
79070094 2055549781
2110437651 2044069901
1856649998 527697584
1016010352 369750649
165315709 1518060853
1717008998 1130481304
490165191 965685163
843820985 1926566299
264299103 933787960
1629324379 2129971496
2049453033 2126337557
1830273919 728192523
66487957 877596687
1395695455 1771172872
1633590235 1985811886
484719841 1712660328
1893878018 447673844
1609246581 1603044367
975371427 477773284
1972795016 1140687135
1995834136 1542320365
123684790 338515678
360521879 967505774
117598328 624820981
1901293733 1746922706
607308828 1803263117
1725776614 290099098
383971992 1792264570
1167695784 1779667446
1415953794 653802370
1617995684 1900673634
218979050 1364390053
200863829 1828225630
819950772 1176235255
158515265 645262139
169438741 6865752
40098855 293123530
345381429 400620733
1260629303 462979757
1025441713 1014439388
62418814 1632750540
670218856 1788195428
1922849637 1054190847
1432976349 943061773
686374645 701446494
1596864142 156886680
454636480 1815843191
1521276732 655500308
1496585172 193743855
1831735563 1655100436
839005993 2001174303
1661966187 879104847
146814185 2007347616
1279725579 1407443487
322843724 157683643
274399226 385262537
1790434182 944618082
25974316 1565800171
1998808928 1458950665
361378295 537699924
12913510 1958242436
694586603 467549989
1626601979 68379687
1123050297 975703502
262123541 807302211
483320290 1101129534
660992865 2145286476
