77
363276671 244542036
1826660770 756488457
1171825224 1209684338
1492932515 1386175223
1332721134 678948005
126150570 32587213
2093871643 1936617616
1264566462 1365525997
503383509 744930413
1048909142 1051513599
548917123 1914633043
1461990299 667756574
197417393 865199182
1908118816 1696520754
868207635 1273933932
1784288364 1231484305
1518475967 1463465485
1987972761 542817542
525666174 1333421628
1928992765 1858387308
2012369632 2055143334
1890974520 1958757626
1844277301 1008057333
1176799974 200177162
1752987745 78225467
1251690760 154421219
1992858509 566197410
822177793 42792254
1431396591 582812960
1739313007 152120577
1856746891 1376117722
1383604882 1227739210
692099558 1224093994
1770556751 1217765732
410031973 1552065867
928669391 274917956
1459725553 672160262
86191933 1156519205
1680217594 1262991906
1356696366 1285721690
1341217372 460903478
1440142909 1186592233
1027100887 114837053
1229384486 311013830
697650012 821213844
463134406 406913254
49847917 1846739287
1634652463 741947474
923349633 1257725566
1959713205 1333381605
662307784 740898947
1608299561 2122033336
1413059208 1694491493
1131068893 945793153
809999751 340281610
84031195 3733474
801185087 1524174103
1190325706 1828285974
1639011155 272226543
2139299803 189177518
1093440386 454950560
596090771 1143288302
154206199 83259586
1885235776 1077555831
1340985151 1697465332
263453787 2003292934
290880631 1871753347
1977842622 1703939838
1418761192 961427866
502249343 81277294
1301709475 586280537
85010767 2102894562
2110454639 1275336473
1783696887 1601982145
1547563015 1775513041
1791159662 493519753
82979952 239766784
